0.0541397
0.0525242
0.048338
0.0490316
0.0583513
0.0432193
0.0375235
0.0553514
0.0276263
0.0561336
0.056814
0.0505841
0.0541618
0.0283628
0.0304213
0.0295061
0.0502616
0.0512563
0.031132
0.0506939
0.0514521
0.0443038
0.0595333
0.176954
0.0326355
0.0438644
0.0283121
0.0574975
0.0469748
0.0350775
0.0500812
0.113523
0.0308911
0.13781
0.0436392
0.0497475
0.051775
0.0320113
0.0496862
0.0417425
0.0355924
0.0387674
0.0505182
0.0449177
0.0360791
0.0488561
0.0343195
0.0312012
0.0476388
0.0469685
0.0334851
0.0469766
0.141463
0.0380915
0.0389866
0.0464772
0.0465199
0.0400819
0.0274192
0.0436428
0.0476855
0.0700692
0.0477504
0.0469936
0.114446
0.0487036
0.00113051
0.000726164
0.000730156
0.00156715
0.000288414
0.000513177
0.000481695
0.000558621
0.00190638
0.00138298
